0 8 0 0 0 0 0 0 0
0 0 0 0 0 0 5 0 0
0 0 0 0 0 5 0 0 0
0 0 0 0 0 0 8 0 0
4 0 0 9 0 0 0 0 0
0 0 1 0 0 0 0 0 0
0 0 0 0 0 0 0 0 0
0 0 0 0 7 0 0 0 0
0 0 0 0 0 2 0 8 0
32
00 10 > 13
01 11 21 22 > 21
02 03 12 > 16 
04 05 > 13
06 07 > 4
08 18 > 10
13 > 6
14 24 23 33 32 > 23
15 16 17 > 15
20 > 2
25 26 27 > 18
28 38 48 58 37 47 > 32
30 40 50 > 21
31 41 42 52 > 13
34 > 5
35 36 > 11
43 44 53 > 12
45 46 > 10
51 61 62 > 19
54 55 > 13
56 57 67 > 9
60 70 > 8
63 > 1
64 65 > 12
66 76 77 > 14
68 > 7
71 81 80 > 14
72 73 74 84 > 21
75 85 > 8
78 > 5
82 83 > 12
86 87 88 > 17
